33
33
34
33
32
34
33
30
36
46
30
35
35
35
34
33
33
35
32
35
27
33
32
34
0
10
34
31
35
22
35
34
31
33
39
34
35
40
36
34
34
35
36
33
38
36
35
31
40
33
37
35
34
32
39
35
35
36
35
38
35
39
32
34
35
35
36
35
36
31
35
33
35
38
31
35
37
35
35
39
33
34
36
33
38
35
33
32
35
28
38
34
35
35
31
36
35
35
35
32
34
30
35
53
37
35
34
35
34
33
33
35
29
31
35
35
35
35
33
32
33
27
32
35
37
33
32
35
35
31
32
31
31
35
35
32
45
34
35
32
31
34
33
35
32
31
35
31
24
32
35
31
31
32
31
31
29
33
34
31
32
21
30
36
32
33
29
32
35
33
34
34
32
31
32
33
32
33
36
32
32
33
32
33
32
53
34
32
34
33
30
32
31
33
32
28
33
31
30
32
31
31
29
32
30
27
33
33
29
34
30
35
35
29
31
28
31
31
31
34
32
30
33
32
30
30
33
23
31
31
31
32
34
31
32
31
31
34
32
35
28
32
32
31
30
34
33
34
41
33
31
31
33
31
32
32
30
29
32
35
30
31
31
31
31
35
36
32
32
31
31
31
32
34
33
33
32
34
31
32
33
34
7
33
36
33
32
31
35
31
31
32
31
31
33
32
30
31
32
32
34
31
33
33
32
36
32
34
35
32
34
35
31
33
34
34
33
35
34
35
32
33
33
34
32
34
35
35
35
35
34
34
37
34
35
35
34
35
35
38
34
34
35
37
34
35
35
35
35
35
80
33
34
35
35
35
36
35
0
35
36
35
36
35
36
50
35
23
35
37
39
35
36
33
36
35
35
34
35
36
35
35
40
33
33
35
36
36
35
34
35
35
34
33
37
36
35
35
35
36
21
49
35
35
33
36
35
37
39
34
36
35
33
35
38
35
36
36
36
35
35
34
37
33
36
34
36
33
37
25
33
32
33
33
34
33
33
33
31
35
34
32
30
31
31
32
36
35
34
35
34
32
32
37
34
34
33
35
31
31
32
35
35
26
32
35
35
34
34
44
35
30
32
34
33
35
37
34
33
35
35
33
33
36
35
36
34
35
34
38
35
32
35
33
35
32
37
35
34
77
33
34
35
31
38
35
35
35
37
37
35
37
36
35
37
33
36
35
36
35
36
35
37
40
35
16
37
35
35
39
35
37
35
39
34
33
35
38
36
35
36
35
37
35
34
37
35
34
34
36
35
37
35
35
35
58
36
35
36
35
37
34
36
35
34
38
35
35
82
34
35
35
35
35
35
35
34
38
32
30
34
35
32
32
33
30
34
34
35
34
32
34
35
32
34
33
33
34
32
32
32
33
34
32
34
37
34
33
33
34
33
33
32
34
35
32
33
36
34
34
32
33
34
32
35
34
32
31
31
31
31
33
35
30
31
31
32
35
31
28
31
33
32
30
31
34
34
32
32
31
31
30
31
32
31
32
30
29
31
30
31
30
27
29
42
29
30
32
43
29
31
29
28
28
29
27
28
27
27
25
27
27
26
27
29
35
27
25
25
25
27
27
27
25
27
26
25
27
26
27
26
27
27
27
27
27
25
26
27
27
27
27
26
27
25
27
26
28
26
27
21
28
27
24
30
25
27
27
26
24
26
28
25
27
27
26
28
41
27
27
27
25
25
24
25
26
25
27
59
25
26
27
25
24
25
27
25
24
26
26
27
23
25
23
61
19
25
22
23
26
23
27
22
24
23
27
27
28
27
24
22
21
22
19
24
23
25
23
21
23
23
23
23
23
23
20
22
24
24
25
22
24
22
23
21
23
22
24
23
19
20
23
28
22
24
24
30
25
24
23
23
25
22
23
21
23
35
23
22
25
23
23
23
19
23
24
22
21
21
24
21
22
21
21
20
21
20
0
22
21
22
22
23
19
21
22
22
21
21
23
23
22
23
23
21
22
23
25
22
24
23
21
23
27
26
25
25
27
26
23
23
20
23
26
26
24
22
22
27
26
23
26
26
26
25
27
27
26
25
25
24
27
25
23
27
26
27
27
21
21
24
26
27
27
27
27
27
24
26
24
26
25
27
26
27
25
26
25
23
26
25
27
25
27
55
23
26
27
25
26
24
25
23
22
26
27
24
26
25
22
24
34
23
24
23
23
21
23
23
22
23
23
25
24
22
24
22
29
26
23
24
23
25
27
26
24
28
24
23
23
23
23
27
23
25
25
21
23
26
26
24
25
22
26
26
24
25
24
26
24