0
0
5
10
5
8
0
0
8
9
0
0
7
8
0
0
0
0
5
10
0
0
6
10
0
0
7
8
0
0
6
0
4
9
0
0
7
9
0
0
7
11
0
0
8
12
0
11
0
0
7
11
0
0
6
10
0
0
6
11
0
8
0
0
6
8
0
0
7
7
0
0
7
9
0
0
0
0
7
0
8
13
0
0
6
10
0
0
8
10
0
0
0
0
9
11
0
0
8
8
0
0
7
9
0
0
7
0
7
6
0
0
7
11
0
0
7
8
0
0
7
9
0
9
0
0
8
10
0
0
7
9
0
0
9
10
0
6
0
0
7
8
0
0
5
10
0
0
9
9
0
0
0
0
6
0
8
9
0
0
6
10
0
0
7
8
0
0
0
0
7
10
0
0
8
8
0
0
6
8
0
0
7
0
6
8
0
0
7
8
0
0
6
10
0
0
7
6
0
9
0
0
4
7
0
0
6
8
0
0
3
8
0
0
0
0
4
8
0
0
4
7
0
0
5
7
0
0
4
0
0
0
5
7
0
0
6
6
0
0
4
8
0
0
4
0
5
8
0
0
6
7
0
0
5
9
0
0
6
7
4
8
0
0
6
10
0
0
6
8
0
0
6
7
0
0
0
0
7
7
0
0
7
7
0
0
6
8
0
0
6
0
6
7
0
0
7
8
0
0
7
8
0
0
5
9
0
0
4
7
0
0
8
4
0
0
5
7
0
0
5
8
5
7
0
0
7
9
0
0
3
8
0
0
5
9
0
9
0
0
6
8
0
0
7
8
0
0
8
9
0
0
6
0
7
7
0
0
10
10
0
0
6
8
0
0
7
9
11
10
0
0
9
7
0
0
7
10
0
0
10
7
0
0
7
6
0
0
9
8
0
0
8
7
0
0
9
5
10
8
0
0
8
9
0
0
8
7
0
0
8
9
0
5
0
0
9
6
0
0
10
7
0
0
10
8
0
0
6
0
7
4
0
0
7
6
0
0
9
7
0
0
7
6
9
6
0
0
6
6
0
0
2
7
0
0
10
6
0
0
11
8
0
0
10
8
0
0
11
7
0
0
10
6
12
8
0
0
12
8
0
0
11
8
0
0
12
11
12
5
0
0
13
10
0
0
13
10
0
0
12
8
0
8
0
0
13
9
0
0
13
8
0
0
11
8
0
0
0
0
13
10
0
0
12
9
0
0
12
7
0
0
12
0
0
0
13
9
0
0
12
8
0
0
11
8
0
0
0
0
11
9
0
0
11
8
0
0
11
7
0
0
9
0
11
9
0
0
12
7
0
0
12
7
0
0
11
6
11
9
0
0
10
7
0
0
11
6
0
0
11
10
0
4
0
0
11
6
0
0
9
5
0
0
11
6
0
6
0
3
0
0
9
7
0
0
8
6
0
0
13
7
0
6
0
0
9
6
0
0
9
4
0
0
10
5
0
0
0
0
9
4
0
0
9
5
0
0
10
6
0
0
9
5
10
6
0
0
10
7
0
0
11
4
0
0
11
7
10
9
0
0
10
6
0
0
9
8
0
0
11
7
0
8
0
7
0
0
11
6
0
0
11
10
0
0
11
4
0
6
0
0
10
7
0
0
11
8
0
0
12
9
0
5
0
0
11
9
0
1
11
8
0
0
10
6
0
0
11
0
13
7
0
0
11
8
0
0
11
8
0
0
13
0
11
8
0
0
14
16
0
0
15
10
0
0
15
0
16
8
14
11
0
0
15
10
0
0
16
8
0
0
13
0
15
8
0
0
13
7
0
0
15
6
0
0
16
0
16
7
0
0
15
9
0
0
15
8
0
0
15
5
16
9
0
0
15
9
0
0
16
10
0
0
15
10
0
10
0
0
15
10
0
0
14
8
0
0
14
8
0
11
0
0
17
11
13
7
0
2
13
9
0
0
14
8
14
9
0
0
14
10
0
0
12
7
0
0
12
6
0
11
0
0
15
10
0
0
14
8
0
0
14
6
0
0
0
0
11
9
0
2
10
7
0
0
12
8
0
0
13
0
13
7
0
0
12
11
0
0
13
11
0
0
12
0
14
11
0
0
12
0
15
7
0
0
14
9
0
0
0
0
16
6
0
0
19
12
0
3
16
11
0
0
18
0
15
11
0
0
14
10
0
0
16
11
0
0
17
0
16
9
0
0
15
10
0
0
13
10
0
0
14
8
12
8
0
2
13
10
0
1
13
10
0
0
11
5
13
7
0
0
12
7
0
0
0
0
13
9
0
1
15
7
14
8
0
0
13
7